01000000000000
01000000000001
01000000000010
01000000000011
01000000000100
01000000000101
01000000000110
01000000000111
10000000001000
01000000001001
01000000001010
01000000001011
01000000001100
01000000001101
01000000001110
01000000001111
01000000010000
10000000010001
01000000010010
01000000010011
01000000010100
01000000010101
01000000010110
01000000010111
10000000011000
10000000011001
01000000011010
01000000011011
01000000011100
01000000011101
01000000011110
01000000011111
01000000100000
01000000100001
10000000100010
01000000100011
01000000100100
01000000100101
01000000100110
01000000100111
10000000101000
01000000101001
10000000101010
01000000101011
01000000101100
01000000101101
01000000101110
01000000101111
01000000110000
10000000110001
10000000110010
01000000110011
01000000110100
01000000110101
01000000110110
01000000110111
10000000111000
10000000111001
10000000111010
01000000111011
01000000111100
01000000111101
01000000111110
01000000111111
01000001000000
01000001000001
01000001000010
10000001000011
01000001000100
01000001000101
01000001000110
01000001000111
10000001001000
01000001001001
01000001001010
10000001001011
01000001001100
01000001001101
01000001001110
01000001001111
01000001010000
10000001010001
01000001010010
10000001010011
01000001010100
01000001010101
01000001010110
01000001010111
10000001011000
10000001011001
01000001011010
10000001011011
01000001011100
01000001011101
01000001011110
01000001011111
01000001100000
01000001100001
10000001100010
10000001100011
01000001100100
01000001100101
01000001100110
01000001100111
10000001101000
01000001101001
10000001101010
10000001101011
01000001101100
01000001101101
01000001101110
01000001101111
01000001110000
10000001110001
10000001110010
10000001110011
01000001110100
01000001110101
01000001110110
01000001110111
10000001111000
10000001111001
10000001111010
10000001111011
01000001111100
01000001111101
01000001111110
01000001111111
01000010000000
01000010000001
01000010000010
01000010000011
10000010000100
01000010000101
01000010000110
01000010000111
10000010001000
01000010001001
01000010001010
01000010001011
10000010001100
01000010001101
01000010001110
01000010001111
01000010010000
10000010010001
01000010010010
01000010010011
10000010010100
01000010010101
01000010010110
01000010010111
10000010011000
10000010011001
01000010011010
01000010011011
10000010011100
01000010011101
01000010011110
01000010011111
01000010100000
01000010100001
10000010100010
01000010100011
10000010100100
01000010100101
01000010100110
01000010100111
10000010101000
01000010101001
10000010101010
01000010101011
10000010101100
01000010101101
01000010101110
01000010101111
01000010110000
10000010110001
10000010110010
01000010110011
10000010110100
01000010110101
01000010110110
01000010110111
10000010111000
10000010111001
10000010111010
01000010111011
10000010111100
01000010111101
01000010111110
01000010111111
01000011000000
01000011000001
01000011000010
10000011000011
10000011000100
01000011000101
01000011000110
01000011000111
10000011001000
01000011001001
01000011001010
10000011001011
10000011001100
01000011001101
01000011001110
01000011001111
01000011010000
10000011010001
01000011010010
10000011010011
10000011010100
01000011010101
01000011010110
01000011010111
10000011011000
10000011011001
01000011011010
10000011011011
10000011011100
01000011011101
01000011011110
01000011011111
01000011100000
01000011100001
10000011100010
10000011100011
10000011100100
01000011100101
01000011100110
01000011100111
10000011101000
01000011101001
10000011101010
10000011101011
10000011101100
01000011101101
01000011101110
01000011101111
01000011110000
10000011110001
10000011110010
10000011110011
10000011110100
01000011110101
01000011110110
01000011110111
10000011111000
10000011111001
10000011111010
10000011111011
10000011111100
01000011111101
01000011111110
01000011111111
01000100000000
01000100000001
01000100000010
01000100000011
01000100000100
10000100000101
01000100000110
01000100000111
10000100001000
01000100001001
01000100001010
01000100001011
01000100001100
10000100001101
01000100001110
01000100001111
01000100010000
10000100010001
01000100010010
01000100010011
01000100010100
10000100010101
01000100010110
01000100010111
10000100011000
10000100011001
01000100011010
01000100011011
01000100011100
10000100011101
01000100011110
01000100011111
01000100100000
01000100100001
10000100100010
01000100100011
01000100100100
10000100100101
01000100100110
01000100100111
10000100101000
01000100101001
10000100101010
01000100101011
01000100101100
10000100101101
01000100101110
01000100101111
01000100110000
10000100110001
10000100110010
01000100110011
01000100110100
10000100110101
01000100110110
01000100110111
10000100111000
10000100111001
10000100111010
01000100111011
01000100111100
10000100111101
01000100111110
01000100111111
01000101000000
01000101000001
01000101000010
10000101000011
01000101000100
10000101000101
01000101000110
01000101000111
10000101001000
01000101001001
01000101001010
10000101001011
01000101001100
10000101001101
01000101001110
01000101001111
01000101010000
10000101010001
01000101010010
10000101010011
01000101010100
10000101010101
01000101010110
01000101010111
10000101011000
10000101011001
01000101011010
10000101011011
01000101011100
10000101011101
01000101011110
01000101011111
01000101100000
01000101100001
10000101100010
10000101100011
01000101100100
10000101100101
01000101100110
01000101100111
10000101101000
01000101101001
10000101101010
10000101101011
01000101101100
10000101101101
01000101101110
01000101101111
01000101110000
10000101110001
10000101110010
10000101110011
01000101110100
10000101110101
01000101110110
01000101110111
10000101111000
10000101111001
10000101111010
10000101111011
01000101111100
10000101111101
01000101111110
01000101111111
01000110000000
01000110000001
01000110000010
01000110000011
10000110000100
10000110000101
01000110000110
01000110000111
10000110001000
01000110001001
01000110001010
01000110001011
10000110001100
10000110001101
01000110001110
01000110001111
01000110010000
10000110010001
01000110010010
01000110010011
10000110010100
10000110010101
01000110010110
01000110010111
10000110011000
10000110011001
01000110011010
01000110011011
10000110011100
10000110011101
01000110011110
01000110011111
01000110100000
01000110100001
10000110100010
01000110100011
10000110100100
10000110100101
01000110100110
01000110100111
10000110101000
01000110101001
10000110101010
01000110101011
10000110101100
10000110101101
01000110101110
01000110101111
01000110110000
10000110110001
10000110110010
01000110110011
10000110110100
10000110110101
01000110110110
01000110110111
10000110111000
10000110111001
10000110111010
01000110111011
10000110111100
10000110111101
01000110111110
01000110111111
01000111000000
01000111000001
01000111000010
10000111000011
10000111000100
10000111000101
01000111000110
01000111000111
10000111001000
01000111001001
01000111001010
10000111001011
10000111001100
10000111001101
01000111001110
01000111001111
01000111010000
10000111010001
01000111010010
10000111010011
10000111010100
10000111010101
01000111010110
01000111010111
10000111011000
10000111011001
01000111011010
10000111011011
10000111011100
10000111011101
01000111011110
01000111011111
01000111100000
01000111100001
10000111100010
10000111100011
10000111100100
10000111100101
01000111100110
01000111100111
10000111101000
01000111101001
10000111101010
10000111101011
10000111101100
10000111101101
01000111101110
01000111101111
01000111110000
10000111110001
10000111110010
10000111110011
10000111110100
10000111110101
01000111110110
01000111110111
10000111111000
10000111111001
10000111111010
10000111111011
10000111111100
10000111111101
01000111111110
01000111111111
01001000000000
01001000000001
01001000000010
01001000000011
01001000000100
01001000000101
10001000000110
01001000000111
10001000001000
01001000001001
01001000001010
01001000001011
01001000001100
01001000001101
10001000001110
01001000001111
01001000010000
10001000010001
01001000010010
01001000010011
01001000010100
01001000010101
10001000010110
01001000010111
10001000011000
10001000011001
01001000011010
01001000011011
01001000011100
01001000011101
10001000011110
01001000011111
01001000100000
01001000100001
10001000100010
01001000100011
01001000100100
01001000100101
10001000100110
01001000100111
10001000101000
01001000101001
10001000101010
01001000101011
01001000101100
01001000101101
10001000101110
01001000101111
01001000110000
10001000110001
10001000110010
01001000110011
01001000110100
01001000110101
10001000110110
01001000110111
10001000111000
10001000111001
10001000111010
01001000111011
01001000111100
01001000111101
10001000111110
01001000111111
01001001000000
01001001000001
01001001000010
10001001000011
01001001000100
01001001000101
10001001000110
01001001000111
10001001001000
01001001001001
01001001001010
10001001001011
01001001001100
01001001001101
10001001001110
01001001001111
01001001010000
10001001010001
01001001010010
10001001010011
01001001010100
01001001010101
10001001010110
01001001010111
10001001011000
10001001011001
01001001011010
10001001011011
01001001011100
01001001011101
10001001011110
01001001011111
01001001100000
01001001100001
10001001100010
10001001100011
01001001100100
01001001100101
10001001100110
01001001100111
10001001101000
01001001101001
10001001101010
10001001101011
01001001101100
01001001101101
10001001101110
01001001101111
01001001110000
10001001110001
10001001110010
10001001110011
01001001110100
01001001110101
10001001110110
01001001110111
10001001111000
10001001111001
10001001111010
10001001111011
01001001111100
01001001111101
10001001111110
01001001111111
01001010000000
01001010000001
01001010000010
01001010000011
10001010000100
01001010000101
10001010000110
01001010000111
10001010001000
01001010001001
01001010001010
01001010001011
10001010001100
01001010001101
10001010001110
01001010001111
01001010010000
10001010010001
01001010010010
01001010010011
10001010010100
01001010010101
10001010010110
01001010010111
10001010011000
10001010011001
01001010011010
01001010011011
10001010011100
01001010011101
10001010011110
01001010011111
01001010100000
01001010100001
10001010100010
01001010100011
10001010100100
01001010100101
10001010100110
01001010100111
10001010101000
01001010101001
10001010101010
01001010101011
10001010101100
01001010101101
10001010101110
01001010101111
01001010110000
10001010110001
10001010110010
01001010110011
10001010110100
01001010110101
10001010110110
01001010110111
10001010111000
10001010111001
10001010111010
01001010111011
10001010111100
01001010111101
10001010111110
01001010111111
01001011000000
01001011000001
01001011000010
10001011000011
10001011000100
01001011000101
10001011000110
01001011000111
10001011001000
01001011001001
01001011001010
10001011001011
10001011001100
01001011001101
10001011001110
01001011001111
01001011010000
10001011010001
01001011010010
10001011010011
10001011010100
01001011010101
10001011010110
01001011010111
10001011011000
10001011011001
01001011011010
10001011011011
10001011011100
01001011011101
10001011011110
01001011011111
01001011100000
01001011100001
10001011100010
10001011100011
10001011100100
01001011100101
10001011100110
01001011100111
10001011101000
01001011101001
10001011101010
10001011101011
10001011101100
01001011101101
10001011101110
01001011101111
01001011110000
10001011110001
10001011110010
10001011110011
10001011110100
01001011110101
10001011110110
01001011110111
10001011111000
10001011111001
10001011111010
10001011111011
10001011111100
01001011111101
10001011111110
01001011111111
01001100000000
01001100000001
01001100000010
01001100000011
01001100000100
10001100000101
10001100000110
01001100000111
10001100001000
01001100001001
01001100001010
01001100001011
01001100001100
10001100001101
10001100001110
01001100001111
01001100010000
10001100010001
01001100010010
01001100010011
01001100010100
10001100010101
10001100010110
01001100010111
10001100011000
10001100011001
01001100011010
01001100011011
01001100011100
10001100011101
10001100011110
01001100011111
01001100100000
01001100100001
10001100100010
01001100100011
01001100100100
10001100100101
10001100100110
01001100100111
10001100101000
01001100101001
10001100101010
01001100101011
01001100101100
10001100101101
10001100101110
01001100101111
01001100110000
10001100110001
10001100110010
01001100110011
01001100110100
10001100110101
10001100110110
01001100110111
10001100111000
10001100111001
10001100111010
01001100111011
01001100111100
10001100111101
10001100111110
01001100111111
01001101000000
01001101000001
01001101000010
10001101000011
01001101000100
10001101000101
10001101000110
01001101000111
10001101001000
01001101001001
01001101001010
10001101001011
01001101001100
10001101001101
10001101001110
01001101001111
01001101010000
10001101010001
01001101010010
10001101010011
01001101010100
10001101010101
10001101010110
01001101010111
10001101011000
10001101011001
01001101011010
10001101011011
01001101011100
10001101011101
10001101011110
01001101011111
01001101100000
01001101100001
10001101100010
10001101100011
01001101100100
10001101100101
10001101100110
01001101100111
10001101101000
01001101101001
10001101101010
10001101101011
01001101101100
10001101101101
10001101101110
01001101101111
01001101110000
10001101110001
10001101110010
10001101110011
01001101110100
10001101110101
10001101110110
01001101110111
10001101111000
10001101111001
10001101111010
10001101111011
01001101111100
10001101111101
10001101111110
01001101111111
01001110000000
01001110000001
01001110000010
01001110000011
10001110000100
10001110000101
10001110000110
01001110000111
10001110001000
01001110001001
01001110001010
01001110001011
10001110001100
10001110001101
10001110001110
01001110001111
01001110010000
10001110010001
01001110010010
01001110010011
10001110010100
10001110010101
10001110010110
01001110010111
10001110011000
10001110011001
01001110011010
01001110011011
10001110011100
10001110011101
10001110011110
01001110011111
01001110100000
01001110100001
10001110100010
01001110100011
10001110100100
10001110100101
10001110100110
01001110100111
10001110101000
01001110101001
10001110101010
01001110101011
10001110101100
10001110101101
10001110101110
01001110101111
01001110110000
10001110110001
10001110110010
01001110110011
10001110110100
10001110110101
10001110110110
01001110110111
10001110111000
10001110111001
10001110111010
01001110111011
10001110111100
10001110111101
10001110111110
01001110111111
01001111000000
01001111000001
01001111000010
10001111000011
10001111000100
10001111000101
10001111000110
01001111000111
10001111001000
01001111001001
01001111001010
10001111001011
10001111001100
10001111001101
10001111001110
01001111001111
01001111010000
10001111010001
01001111010010
10001111010011
10001111010100
10001111010101
10001111010110
01001111010111
10001111011000
10001111011001
01001111011010
10001111011011
10001111011100
10001111011101
10001111011110
01001111011111
01001111100000
01001111100001
10001111100010
10001111100011
10001111100100
10001111100101
10001111100110
01001111100111
10001111101000
01001111101001
10001111101010
10001111101011
10001111101100
10001111101101
10001111101110
01001111101111
01001111110000
10001111110001
10001111110010
10001111110011
10001111110100
10001111110101
10001111110110
01001111110111
10001111111000
10001111111001
10001111111010
10001111111011
10001111111100
10001111111101
10001111111110
01001111111111
01010000000000
01010000000001
01010000000010
01010000000011
01010000000100
01010000000101
01010000000110
10010000000111
10010000001000
01010000001001
01010000001010
01010000001011
01010000001100
01010000001101
01010000001110
10010000001111
01010000010000
10010000010001
01010000010010
01010000010011
01010000010100
01010000010101
01010000010110
10010000010111
10010000011000
10010000011001
01010000011010
01010000011011
01010000011100
01010000011101
01010000011110
10010000011111
01010000100000
01010000100001
10010000100010
01010000100011
01010000100100
01010000100101
01010000100110
10010000100111
10010000101000
01010000101001
10010000101010
01010000101011
01010000101100
01010000101101
01010000101110
10010000101111
01010000110000
10010000110001
10010000110010
01010000110011
01010000110100
01010000110101
01010000110110
10010000110111
10010000111000
10010000111001
10010000111010
01010000111011
01010000111100
01010000111101
01010000111110
10010000111111
01010001000000
01010001000001
01010001000010
10010001000011
01010001000100
01010001000101
01010001000110
10010001000111
10010001001000
01010001001001
01010001001010
10010001001011
01010001001100
01010001001101
01010001001110
10010001001111
01010001010000
10010001010001
01010001010010
10010001010011
01010001010100
01010001010101
01010001010110
10010001010111
10010001011000
10010001011001
01010001011010
10010001011011
01010001011100
01010001011101
01010001011110
10010001011111
01010001100000
01010001100001
10010001100010
10010001100011
01010001100100
01010001100101
01010001100110
10010001100111
10010001101000
01010001101001
10010001101010
10010001101011
01010001101100
01010001101101
01010001101110
10010001101111
01010001110000
10010001110001
10010001110010
10010001110011
01010001110100
01010001110101
01010001110110
10010001110111
10010001111000
10010001111001
10010001111010
10010001111011
01010001111100
01010001111101
01010001111110
10010001111111
01010010000000
01010010000001
01010010000010
01010010000011
10010010000100
01010010000101
01010010000110
10010010000111
10010010001000
01010010001001
01010010001010
01010010001011
10010010001100
01010010001101
01010010001110
10010010001111
01010010010000
10010010010001
01010010010010
01010010010011
10010010010100
01010010010101
01010010010110
10010010010111
10010010011000
10010010011001
01010010011010
01010010011011
10010010011100
01010010011101
01010010011110
10010010011111
01010010100000
01010010100001
10010010100010
01010010100011
10010010100100
01010010100101
01010010100110
10010010100111
10010010101000
01010010101001
10010010101010
01010010101011
10010010101100
01010010101101
01010010101110
10010010101111
01010010110000
10010010110001
10010010110010
01010010110011
10010010110100
01010010110101
01010010110110
10010010110111
10010010111000
10010010111001
10010010111010
01010010111011
10010010111100
01010010111101
01010010111110
10010010111111
01010011000000
01010011000001
01010011000010
10010011000011
10010011000100
01010011000101
01010011000110
10010011000111
10010011001000
01010011001001
01010011001010
10010011001011
10010011001100
01010011001101
01010011001110
10010011001111
01010011010000
10010011010001
01010011010010
10010011010011
10010011010100
01010011010101
01010011010110
10010011010111
10010011011000
10010011011001
01010011011010
10010011011011
10010011011100
01010011011101
01010011011110
10010011011111
01010011100000
01010011100001
10010011100010
10010011100011
10010011100100
01010011100101
01010011100110
10010011100111
10010011101000
01010011101001
10010011101010
10010011101011
10010011101100
01010011101101
01010011101110
10010011101111
01010011110000
10010011110001
10010011110010
10010011110011
10010011110100
01010011110101
01010011110110
10010011110111
10010011111000
10010011111001
10010011111010
10010011111011
10010011111100
01010011111101
01010011111110
10010011111111
01010100000000
01010100000001
01010100000010
01010100000011
01010100000100
10010100000101
01010100000110
10010100000111
10010100001000
01010100001001
01010100001010
01010100001011
01010100001100
10010100001101
01010100001110
10010100001111
01010100010000
10010100010001
01010100010010
01010100010011
01010100010100
10010100010101
01010100010110
10010100010111
10010100011000
10010100011001
01010100011010
01010100011011
01010100011100
10010100011101
01010100011110
10010100011111
01010100100000
01010100100001
10010100100010
01010100100011
01010100100100
10010100100101
01010100100110
10010100100111
10010100101000
01010100101001
10010100101010
01010100101011
01010100101100
10010100101101
01010100101110
10010100101111
01010100110000
10010100110001
10010100110010
01010100110011
01010100110100
10010100110101
01010100110110
10010100110111
10010100111000
10010100111001
10010100111010
01010100111011
01010100111100
10010100111101
01010100111110
10010100111111
01010101000000
01010101000001
01010101000010
10010101000011
01010101000100
10010101000101
01010101000110
10010101000111
10010101001000
01010101001001
01010101001010
10010101001011
01010101001100
10010101001101
01010101001110
10010101001111
01010101010000
10010101010001
01010101010010
10010101010011
01010101010100
10010101010101
01010101010110
10010101010111
10010101011000
10010101011001
01010101011010
10010101011011
01010101011100
10010101011101
01010101011110
10010101011111
01010101100000
01010101100001
10010101100010
10010101100011
01010101100100
10010101100101
01010101100110
10010101100111
10010101101000
01010101101001
10010101101010
10010101101011
01010101101100
10010101101101
01010101101110
10010101101111
01010101110000
10010101110001
10010101110010
10010101110011
01010101110100
10010101110101
01010101110110
10010101110111
10010101111000
10010101111001
10010101111010
10010101111011
01010101111100
10010101111101
01010101111110
10010101111111
01010110000000
01010110000001
01010110000010
01010110000011
10010110000100
10010110000101
01010110000110
10010110000111
10010110001000
01010110001001
01010110001010
01010110001011
10010110001100
10010110001101
01010110001110
10010110001111
01010110010000
10010110010001
01010110010010
01010110010011
10010110010100
10010110010101
01010110010110
10010110010111
10010110011000
10010110011001
01010110011010
01010110011011
10010110011100
10010110011101
01010110011110
10010110011111
01010110100000
01010110100001
10010110100010
01010110100011
10010110100100
10010110100101
01010110100110
10010110100111
10010110101000
01010110101001
10010110101010
01010110101011
10010110101100
10010110101101
01010110101110
10010110101111
01010110110000
10010110110001
10010110110010
01010110110011
10010110110100
10010110110101
01010110110110
10010110110111
10010110111000
10010110111001
10010110111010
01010110111011
10010110111100
10010110111101
01010110111110
10010110111111
01010111000000
01010111000001
01010111000010
10010111000011
10010111000100
10010111000101
01010111000110
10010111000111
10010111001000
01010111001001
01010111001010
10010111001011
10010111001100
10010111001101
01010111001110
10010111001111
01010111010000
10010111010001
01010111010010
10010111010011
10010111010100
10010111010101
01010111010110
10010111010111
10010111011000
10010111011001
01010111011010
10010111011011
10010111011100
10010111011101
01010111011110
10010111011111
01010111100000
01010111100001
10010111100010
10010111100011
10010111100100
10010111100101
01010111100110
10010111100111
10010111101000
01010111101001
10010111101010
10010111101011
10010111101100
10010111101101
01010111101110
10010111101111
01010111110000
10010111110001
10010111110010
10010111110011
10010111110100
10010111110101
01010111110110
10010111110111
10010111111000
10010111111001
10010111111010
10010111111011
10010111111100
10010111111101
01010111111110
10010111111111
01011000000000
01011000000001
01011000000010
01011000000011
01011000000100
01011000000101
10011000000110
10011000000111
10011000001000
01011000001001
01011000001010
01011000001011
01011000001100
01011000001101
10011000001110
10011000001111
01011000010000
10011000010001
01011000010010
01011000010011
01011000010100
01011000010101
10011000010110
10011000010111
10011000011000
10011000011001
01011000011010
01011000011011
01011000011100
01011000011101
10011000011110
10011000011111
01011000100000
01011000100001
10011000100010
01011000100011
01011000100100
01011000100101
10011000100110
10011000100111
10011000101000
01011000101001
10011000101010
01011000101011
01011000101100
01011000101101
10011000101110
10011000101111
01011000110000
10011000110001
10011000110010
01011000110011
01011000110100
01011000110101
10011000110110
10011000110111
10011000111000
10011000111001
10011000111010
01011000111011
01011000111100
01011000111101
10011000111110
10011000111111
01011001000000
01011001000001
01011001000010
10011001000011
01011001000100
01011001000101
10011001000110
10011001000111
10011001001000
01011001001001
01011001001010
10011001001011
01011001001100
01011001001101
10011001001110
10011001001111
01011001010000
10011001010001
01011001010010
10011001010011
01011001010100
01011001010101
10011001010110
10011001010111
10011001011000
10011001011001
01011001011010
10011001011011
01011001011100
01011001011101
10011001011110
10011001011111
01011001100000
01011001100001
10011001100010
10011001100011
01011001100100
01011001100101
10011001100110
10011001100111
10011001101000
01011001101001
10011001101010
10011001101011
01011001101100
01011001101101
10011001101110
10011001101111
01011001110000
10011001110001
10011001110010
10011001110011
01011001110100
01011001110101
10011001110110
10011001110111
10011001111000
10011001111001
10011001111010
10011001111011
01011001111100
01011001111101
10011001111110
10011001111111
01011010000000
01011010000001
01011010000010
01011010000011
10011010000100
01011010000101
10011010000110
10011010000111
10011010001000
01011010001001
01011010001010
01011010001011
10011010001100
01011010001101
10011010001110
10011010001111
01011010010000
10011010010001
01011010010010
01011010010011
10011010010100
01011010010101
10011010010110
10011010010111
10011010011000
10011010011001
01011010011010
01011010011011
10011010011100
01011010011101
10011010011110
10011010011111
01011010100000
01011010100001
10011010100010
01011010100011
10011010100100
01011010100101
10011010100110
10011010100111
10011010101000
01011010101001
10011010101010
01011010101011
10011010101100
01011010101101
10011010101110
10011010101111
01011010110000
10011010110001
10011010110010
01011010110011
10011010110100
01011010110101
10011010110110
10011010110111
10011010111000
10011010111001
10011010111010
01011010111011
10011010111100
01011010111101
10011010111110
10011010111111
01011011000000
01011011000001
01011011000010
10011011000011
10011011000100
01011011000101
10011011000110
10011011000111
10011011001000
01011011001001
01011011001010
10011011001011
10011011001100
01011011001101
10011011001110
10011011001111
01011011010000
10011011010001
01011011010010
10011011010011
10011011010100
01011011010101
10011011010110
10011011010111
10011011011000
10011011011001
01011011011010
10011011011011
10011011011100
01011011011101
10011011011110
10011011011111
01011011100000
01011011100001
10011011100010
10011011100011
10011011100100
01011011100101
10011011100110
10011011100111
10011011101000
01011011101001
10011011101010
10011011101011
10011011101100
01011011101101
10011011101110
10011011101111
01011011110000
10011011110001
10011011110010
10011011110011
10011011110100
01011011110101
10011011110110
10011011110111
10011011111000
10011011111001
10011011111010
10011011111011
10011011111100
01011011111101
10011011111110
10011011111111
01011100000000
01011100000001
01011100000010
01011100000011
01011100000100
10011100000101
10011100000110
10011100000111
10011100001000
01011100001001
01011100001010
01011100001011
01011100001100
10011100001101
10011100001110
10011100001111
01011100010000
10011100010001
01011100010010
01011100010011
01011100010100
10011100010101
10011100010110
10011100010111
10011100011000
10011100011001
01011100011010
01011100011011
01011100011100
10011100011101
10011100011110
10011100011111
01011100100000
01011100100001
10011100100010
01011100100011
01011100100100
10011100100101
10011100100110
10011100100111
10011100101000
01011100101001
10011100101010
01011100101011
01011100101100
10011100101101
10011100101110
10011100101111
01011100110000
10011100110001
10011100110010
01011100110011
01011100110100
10011100110101
10011100110110
10011100110111
10011100111000
10011100111001
10011100111010
01011100111011
01011100111100
10011100111101
10011100111110
10011100111111
01011101000000
01011101000001
01011101000010
10011101000011
01011101000100
10011101000101
10011101000110
10011101000111
10011101001000
01011101001001
01011101001010
10011101001011
01011101001100
10011101001101
10011101001110
10011101001111
01011101010000
10011101010001
01011101010010
10011101010011
01011101010100
10011101010101
10011101010110
10011101010111
10011101011000
10011101011001
01011101011010
10011101011011
01011101011100
10011101011101
10011101011110
10011101011111
01011101100000
01011101100001
10011101100010
10011101100011
01011101100100
10011101100101
10011101100110
10011101100111
10011101101000
01011101101001
10011101101010
10011101101011
01011101101100
10011101101101
10011101101110
10011101101111
01011101110000
10011101110001
10011101110010
10011101110011
01011101110100
10011101110101
10011101110110
10011101110111
10011101111000
10011101111001
10011101111010
10011101111011
01011101111100
10011101111101
10011101111110
10011101111111
01011110000000
01011110000001
01011110000010
01011110000011
10011110000100
10011110000101
10011110000110
10011110000111
10011110001000
01011110001001
01011110001010
01011110001011
10011110001100
10011110001101
10011110001110
10011110001111
01011110010000
10011110010001
01011110010010
01011110010011
10011110010100
10011110010101
10011110010110
10011110010111
10011110011000
10011110011001
01011110011010
01011110011011
10011110011100
10011110011101
10011110011110
10011110011111
01011110100000
01011110100001
10011110100010
01011110100011
10011110100100
10011110100101
10011110100110
10011110100111
10011110101000
01011110101001
10011110101010
01011110101011
10011110101100
10011110101101
10011110101110
10011110101111
01011110110000
10011110110001
10011110110010
01011110110011
10011110110100
10011110110101
10011110110110
10011110110111
10011110111000
10011110111001
10011110111010
01011110111011
10011110111100
10011110111101
10011110111110
10011110111111
01011111000000
01011111000001
01011111000010
10011111000011
10011111000100
10011111000101
10011111000110
10011111000111
10011111001000
01011111001001
01011111001010
10011111001011
10011111001100
10011111001101
10011111001110
10011111001111
01011111010000
10011111010001
01011111010010
10011111010011
10011111010100
10011111010101
10011111010110
10011111010111
10011111011000
10011111011001
01011111011010
10011111011011
10011111011100
10011111011101
10011111011110
10011111011111
01011111100000
01011111100001
10011111100010
10011111100011
10011111100100
10011111100101
10011111100110
10011111100111
10011111101000
01011111101001
10011111101010
10011111101011
10011111101100
10011111101101
10011111101110
10011111101111
01011111110000
10011111110001
10011111110010
10011111110011
10011111110100
10011111110101
10011111110110
10011111110111
10011111111000
10011111111001
10011111111010
10011111111011
10011111111100
10011111111101
10011111111110
10011111111111
ZZ100000000000
ZZ100000000001
ZZ100000000010
ZZ100000000011
ZZ100000000100
ZZ100000000101
ZZ100000000110
ZZ100000000111
ZZ100000001000
ZZ100000001001
ZZ100000001010
ZZ100000001011
ZZ100000001100
ZZ100000001101
ZZ100000001110
ZZ100000001111
ZZ100000010000
ZZ100000010001
ZZ100000010010
ZZ100000010011
ZZ100000010100
ZZ100000010101
ZZ100000010110
ZZ100000010111
ZZ100000011000
ZZ100000011001
ZZ100000011010
ZZ100000011011
ZZ100000011100
ZZ100000011101
ZZ100000011110
ZZ100000011111
ZZ100000100000
ZZ100000100001
ZZ100000100010
ZZ100000100011
ZZ100000100100
ZZ100000100101
ZZ100000100110
ZZ100000100111
ZZ100000101000
ZZ100000101001
ZZ100000101010
ZZ100000101011
ZZ100000101100
ZZ100000101101
ZZ100000101110
ZZ100000101111
ZZ100000110000
ZZ100000110001
ZZ100000110010
ZZ100000110011
ZZ100000110100
ZZ100000110101
ZZ100000110110
ZZ100000110111
ZZ100000111000
ZZ100000111001
ZZ100000111010
ZZ100000111011
ZZ100000111100
ZZ100000111101
ZZ100000111110
ZZ100000111111
ZZ100001000000
ZZ100001000001
ZZ100001000010
ZZ100001000011
ZZ100001000100
ZZ100001000101
ZZ100001000110
ZZ100001000111
ZZ100001001000
ZZ100001001001
ZZ100001001010
ZZ100001001011
ZZ100001001100
ZZ100001001101
ZZ100001001110
ZZ100001001111
ZZ100001010000
ZZ100001010001
ZZ100001010010
ZZ100001010011
ZZ100001010100
ZZ100001010101
ZZ100001010110
ZZ100001010111
ZZ100001011000
ZZ100001011001
ZZ100001011010
ZZ100001011011
ZZ100001011100
ZZ100001011101
ZZ100001011110
ZZ100001011111
ZZ100001100000
ZZ100001100001
ZZ100001100010
ZZ100001100011
ZZ100001100100
ZZ100001100101
ZZ100001100110
ZZ100001100111
ZZ100001101000
ZZ100001101001
ZZ100001101010
ZZ100001101011
ZZ100001101100
ZZ100001101101
ZZ100001101110
ZZ100001101111
ZZ100001110000
ZZ100001110001
ZZ100001110010
ZZ100001110011
ZZ100001110100
ZZ100001110101
ZZ100001110110
ZZ100001110111
ZZ100001111000
ZZ100001111001
ZZ100001111010
ZZ100001111011
ZZ100001111100
ZZ100001111101
ZZ100001111110
ZZ100001111111
ZZ100010000000
ZZ100010000001
ZZ100010000010
ZZ100010000011
ZZ100010000100
ZZ100010000101
ZZ100010000110
ZZ100010000111
ZZ100010001000
ZZ100010001001
ZZ100010001010
ZZ100010001011
ZZ100010001100
ZZ100010001101
ZZ100010001110
ZZ100010001111
ZZ100010010000
ZZ100010010001
ZZ100010010010
ZZ100010010011
ZZ100010010100
ZZ100010010101
ZZ100010010110
ZZ100010010111
ZZ100010011000
ZZ100010011001
ZZ100010011010
ZZ100010011011
ZZ100010011100
ZZ100010011101
ZZ100010011110
ZZ100010011111
ZZ100010100000
ZZ100010100001
ZZ100010100010
ZZ100010100011
ZZ100010100100
ZZ100010100101
ZZ100010100110
ZZ100010100111
ZZ100010101000
ZZ100010101001
ZZ100010101010
ZZ100010101011
ZZ100010101100
ZZ100010101101
ZZ100010101110
ZZ100010101111
ZZ100010110000
ZZ100010110001
ZZ100010110010
ZZ100010110011
ZZ100010110100
ZZ100010110101
ZZ100010110110
ZZ100010110111
ZZ100010111000
ZZ100010111001
ZZ100010111010
ZZ100010111011
ZZ100010111100
ZZ100010111101
ZZ100010111110
ZZ100010111111
ZZ100011000000
ZZ100011000001
ZZ100011000010
ZZ100011000011
ZZ100011000100
ZZ100011000101
ZZ100011000110
ZZ100011000111
ZZ100011001000
ZZ100011001001
ZZ100011001010
ZZ100011001011
ZZ100011001100
ZZ100011001101
ZZ100011001110
ZZ100011001111
ZZ100011010000
ZZ100011010001
ZZ100011010010
ZZ100011010011
ZZ100011010100
ZZ100011010101
ZZ100011010110
ZZ100011010111
ZZ100011011000
ZZ100011011001
ZZ100011011010
ZZ100011011011
ZZ100011011100
ZZ100011011101
ZZ100011011110
ZZ100011011111
ZZ100011100000
ZZ100011100001
ZZ100011100010
ZZ100011100011
ZZ100011100100
ZZ100011100101
ZZ100011100110
ZZ100011100111
ZZ100011101000
ZZ100011101001
ZZ100011101010
ZZ100011101011
ZZ100011101100
ZZ100011101101
ZZ100011101110
ZZ100011101111
ZZ100011110000
ZZ100011110001
ZZ100011110010
ZZ100011110011
ZZ100011110100
ZZ100011110101
ZZ100011110110
ZZ100011110111
ZZ100011111000
ZZ100011111001
ZZ100011111010
ZZ100011111011
ZZ100011111100
ZZ100011111101
ZZ100011111110
ZZ100011111111
ZZ100100000000
ZZ100100000001
ZZ100100000010
ZZ100100000011
ZZ100100000100
ZZ100100000101
ZZ100100000110
ZZ100100000111
ZZ100100001000
ZZ100100001001
ZZ100100001010
ZZ100100001011
ZZ100100001100
ZZ100100001101
ZZ100100001110
ZZ100100001111
ZZ100100010000
ZZ100100010001
ZZ100100010010
ZZ100100010011
ZZ100100010100
ZZ100100010101
ZZ100100010110
ZZ100100010111
ZZ100100011000
ZZ100100011001
ZZ100100011010
ZZ100100011011
ZZ100100011100
ZZ100100011101
ZZ100100011110
ZZ100100011111
ZZ100100100000
ZZ100100100001
ZZ100100100010
ZZ100100100011
ZZ100100100100
ZZ100100100101
ZZ100100100110
ZZ100100100111
ZZ100100101000
ZZ100100101001
ZZ100100101010
ZZ100100101011
ZZ100100101100
ZZ100100101101
ZZ100100101110
ZZ100100101111
ZZ100100110000
ZZ100100110001
ZZ100100110010
ZZ100100110011
ZZ100100110100
ZZ100100110101
ZZ100100110110
ZZ100100110111
ZZ100100111000
ZZ100100111001
ZZ100100111010
ZZ100100111011
ZZ100100111100
ZZ100100111101
ZZ100100111110
ZZ100100111111
ZZ100101000000
ZZ100101000001
ZZ100101000010
ZZ100101000011
ZZ100101000100
ZZ100101000101
ZZ100101000110
ZZ100101000111
ZZ100101001000
ZZ100101001001
ZZ100101001010
ZZ100101001011
ZZ100101001100
ZZ100101001101
ZZ100101001110
ZZ100101001111
ZZ100101010000
ZZ100101010001
ZZ100101010010
ZZ100101010011
ZZ100101010100
ZZ100101010101
ZZ100101010110
ZZ100101010111
ZZ100101011000
ZZ100101011001
ZZ100101011010
ZZ100101011011
ZZ100101011100
ZZ100101011101
ZZ100101011110
ZZ100101011111
ZZ100101100000
ZZ100101100001
ZZ100101100010
ZZ100101100011
ZZ100101100100
ZZ100101100101
ZZ100101100110
ZZ100101100111
ZZ100101101000
ZZ100101101001
ZZ100101101010
ZZ100101101011
ZZ100101101100
ZZ100101101101
ZZ100101101110
ZZ100101101111
ZZ100101110000
ZZ100101110001
ZZ100101110010
ZZ100101110011
ZZ100101110100
ZZ100101110101
ZZ100101110110
ZZ100101110111
ZZ100101111000
ZZ100101111001
ZZ100101111010
ZZ100101111011
ZZ100101111100
ZZ100101111101
ZZ100101111110
ZZ100101111111
ZZ100110000000
ZZ100110000001
ZZ100110000010
ZZ100110000011
ZZ100110000100
ZZ100110000101
ZZ100110000110
ZZ100110000111
ZZ100110001000
ZZ100110001001
ZZ100110001010
ZZ100110001011
ZZ100110001100
ZZ100110001101
ZZ100110001110
ZZ100110001111
ZZ100110010000
ZZ100110010001
ZZ100110010010
ZZ100110010011
ZZ100110010100
ZZ100110010101
ZZ100110010110
ZZ100110010111
ZZ100110011000
ZZ100110011001
ZZ100110011010
ZZ100110011011
ZZ100110011100
ZZ100110011101
ZZ100110011110
ZZ100110011111
ZZ100110100000
ZZ100110100001
ZZ100110100010
ZZ100110100011
ZZ100110100100
ZZ100110100101
ZZ100110100110
ZZ100110100111
ZZ100110101000
ZZ100110101001
ZZ100110101010
ZZ100110101011
ZZ100110101100
ZZ100110101101
ZZ100110101110
ZZ100110101111
ZZ100110110000
ZZ100110110001
ZZ100110110010
ZZ100110110011
ZZ100110110100
ZZ100110110101
ZZ100110110110
ZZ100110110111
ZZ100110111000
ZZ100110111001
ZZ100110111010
ZZ100110111011
ZZ100110111100
ZZ100110111101
ZZ100110111110
ZZ100110111111
ZZ100111000000
ZZ100111000001
ZZ100111000010
ZZ100111000011
ZZ100111000100
ZZ100111000101
ZZ100111000110
ZZ100111000111
ZZ100111001000
ZZ100111001001
ZZ100111001010
ZZ100111001011
ZZ100111001100
ZZ100111001101
ZZ100111001110
ZZ100111001111
ZZ100111010000
ZZ100111010001
ZZ100111010010
ZZ100111010011
ZZ100111010100
ZZ100111010101
ZZ100111010110
ZZ100111010111
ZZ100111011000
ZZ100111011001
ZZ100111011010
ZZ100111011011
ZZ100111011100
ZZ100111011101
ZZ100111011110
ZZ100111011111
ZZ100111100000
ZZ100111100001
ZZ100111100010
ZZ100111100011
ZZ100111100100
ZZ100111100101
ZZ100111100110
ZZ100111100111
ZZ100111101000
ZZ100111101001
ZZ100111101010
ZZ100111101011
ZZ100111101100
ZZ100111101101
ZZ100111101110
ZZ100111101111
ZZ100111110000
ZZ100111110001
ZZ100111110010
ZZ100111110011
ZZ100111110100
ZZ100111110101
ZZ100111110110
ZZ100111110111
ZZ100111111000
ZZ100111111001
ZZ100111111010
ZZ100111111011
ZZ100111111100
ZZ100111111101
ZZ100111111110
ZZ100111111111
ZZ101000000000
ZZ101000000001
ZZ101000000010
ZZ101000000011
ZZ101000000100
ZZ101000000101
ZZ101000000110
ZZ101000000111
ZZ101000001000
ZZ101000001001
ZZ101000001010
ZZ101000001011
ZZ101000001100
ZZ101000001101
ZZ101000001110
ZZ101000001111
ZZ101000010000
ZZ101000010001
ZZ101000010010
ZZ101000010011
ZZ101000010100
ZZ101000010101
ZZ101000010110
ZZ101000010111
ZZ101000011000
ZZ101000011001
ZZ101000011010
ZZ101000011011
ZZ101000011100
ZZ101000011101
ZZ101000011110
ZZ101000011111
ZZ101000100000
ZZ101000100001
ZZ101000100010
ZZ101000100011
ZZ101000100100
ZZ101000100101
ZZ101000100110
ZZ101000100111
ZZ101000101000
ZZ101000101001
ZZ101000101010
ZZ101000101011
ZZ101000101100
ZZ101000101101
ZZ101000101110
ZZ101000101111
ZZ101000110000
ZZ101000110001
ZZ101000110010
ZZ101000110011
ZZ101000110100
ZZ101000110101
ZZ101000110110
ZZ101000110111
ZZ101000111000
ZZ101000111001
ZZ101000111010
ZZ101000111011
ZZ101000111100
ZZ101000111101
ZZ101000111110
ZZ101000111111
ZZ101001000000
ZZ101001000001
ZZ101001000010
ZZ101001000011
ZZ101001000100
ZZ101001000101
ZZ101001000110
ZZ101001000111
ZZ101001001000
ZZ101001001001
ZZ101001001010
ZZ101001001011
ZZ101001001100
ZZ101001001101
ZZ101001001110
ZZ101001001111
ZZ101001010000
ZZ101001010001
ZZ101001010010
ZZ101001010011
ZZ101001010100
ZZ101001010101
ZZ101001010110
ZZ101001010111
ZZ101001011000
ZZ101001011001
ZZ101001011010
ZZ101001011011
ZZ101001011100
ZZ101001011101
ZZ101001011110
ZZ101001011111
ZZ101001100000
ZZ101001100001
ZZ101001100010
ZZ101001100011
ZZ101001100100
ZZ101001100101
ZZ101001100110
ZZ101001100111
ZZ101001101000
ZZ101001101001
ZZ101001101010
ZZ101001101011
ZZ101001101100
ZZ101001101101
ZZ101001101110
ZZ101001101111
ZZ101001110000
ZZ101001110001
ZZ101001110010
ZZ101001110011
ZZ101001110100
ZZ101001110101
ZZ101001110110
ZZ101001110111
ZZ101001111000
ZZ101001111001
ZZ101001111010
ZZ101001111011
ZZ101001111100
ZZ101001111101
ZZ101001111110
ZZ101001111111
ZZ101010000000
ZZ101010000001
ZZ101010000010
ZZ101010000011
ZZ101010000100
ZZ101010000101
ZZ101010000110
ZZ101010000111
ZZ101010001000
ZZ101010001001
ZZ101010001010
ZZ101010001011
ZZ101010001100
ZZ101010001101
ZZ101010001110
ZZ101010001111
ZZ101010010000
ZZ101010010001
ZZ101010010010
ZZ101010010011
ZZ101010010100
ZZ101010010101
ZZ101010010110
ZZ101010010111
ZZ101010011000
ZZ101010011001
ZZ101010011010
ZZ101010011011
ZZ101010011100
ZZ101010011101
ZZ101010011110
ZZ101010011111
ZZ101010100000
ZZ101010100001
ZZ101010100010
ZZ101010100011
ZZ101010100100
ZZ101010100101
ZZ101010100110
ZZ101010100111
ZZ101010101000
ZZ101010101001
ZZ101010101010
ZZ101010101011
ZZ101010101100
ZZ101010101101
ZZ101010101110
ZZ101010101111
ZZ101010110000
ZZ101010110001
ZZ101010110010
ZZ101010110011
ZZ101010110100
ZZ101010110101
ZZ101010110110
ZZ101010110111
ZZ101010111000
ZZ101010111001
ZZ101010111010
ZZ101010111011
ZZ101010111100
ZZ101010111101
ZZ101010111110
ZZ101010111111
ZZ101011000000
ZZ101011000001
ZZ101011000010
ZZ101011000011
ZZ101011000100
ZZ101011000101
ZZ101011000110
ZZ101011000111
ZZ101011001000
ZZ101011001001
ZZ101011001010
ZZ101011001011
ZZ101011001100
ZZ101011001101
ZZ101011001110
ZZ101011001111
ZZ101011010000
ZZ101011010001
ZZ101011010010
ZZ101011010011
ZZ101011010100
ZZ101011010101
ZZ101011010110
ZZ101011010111
ZZ101011011000
ZZ101011011001
ZZ101011011010
ZZ101011011011
ZZ101011011100
ZZ101011011101
ZZ101011011110
ZZ101011011111
ZZ101011100000
ZZ101011100001
ZZ101011100010
ZZ101011100011
ZZ101011100100
ZZ101011100101
ZZ101011100110
ZZ101011100111
ZZ101011101000
ZZ101011101001
ZZ101011101010
ZZ101011101011
ZZ101011101100
ZZ101011101101
ZZ101011101110
ZZ101011101111
ZZ101011110000
ZZ101011110001
ZZ101011110010
ZZ101011110011
ZZ101011110100
ZZ101011110101
ZZ101011110110
ZZ101011110111
ZZ101011111000
ZZ101011111001
ZZ101011111010
ZZ101011111011
ZZ101011111100
ZZ101011111101
ZZ101011111110
ZZ101011111111
ZZ101100000000
ZZ101100000001
ZZ101100000010
ZZ101100000011
ZZ101100000100
ZZ101100000101
ZZ101100000110
ZZ101100000111
ZZ101100001000
ZZ101100001001
ZZ101100001010
ZZ101100001011
ZZ101100001100
ZZ101100001101
ZZ101100001110
ZZ101100001111
ZZ101100010000
ZZ101100010001
ZZ101100010010
ZZ101100010011
ZZ101100010100
ZZ101100010101
ZZ101100010110
ZZ101100010111
ZZ101100011000
ZZ101100011001
ZZ101100011010
ZZ101100011011
ZZ101100011100
ZZ101100011101
ZZ101100011110
ZZ101100011111
ZZ101100100000
ZZ101100100001
ZZ101100100010
ZZ101100100011
ZZ101100100100
ZZ101100100101
ZZ101100100110
ZZ101100100111
ZZ101100101000
ZZ101100101001
ZZ101100101010
ZZ101100101011
ZZ101100101100
ZZ101100101101
ZZ101100101110
ZZ101100101111
ZZ101100110000
ZZ101100110001
ZZ101100110010
ZZ101100110011
ZZ101100110100
ZZ101100110101
ZZ101100110110
ZZ101100110111
ZZ101100111000
ZZ101100111001
ZZ101100111010
ZZ101100111011
ZZ101100111100
ZZ101100111101
ZZ101100111110
ZZ101100111111
ZZ101101000000
ZZ101101000001
ZZ101101000010
ZZ101101000011
ZZ101101000100
ZZ101101000101
ZZ101101000110
ZZ101101000111
ZZ101101001000
ZZ101101001001
ZZ101101001010
ZZ101101001011
ZZ101101001100
ZZ101101001101
ZZ101101001110
ZZ101101001111
ZZ101101010000
ZZ101101010001
ZZ101101010010
ZZ101101010011
ZZ101101010100
ZZ101101010101
ZZ101101010110
ZZ101101010111
ZZ101101011000
ZZ101101011001
ZZ101101011010
ZZ101101011011
ZZ101101011100
ZZ101101011101
ZZ101101011110
ZZ101101011111
ZZ101101100000
ZZ101101100001
ZZ101101100010
ZZ101101100011
ZZ101101100100
ZZ101101100101
ZZ101101100110
ZZ101101100111
ZZ101101101000
ZZ101101101001
ZZ101101101010
ZZ101101101011
ZZ101101101100
ZZ101101101101
ZZ101101101110
ZZ101101101111
ZZ101101110000
ZZ101101110001
ZZ101101110010
ZZ101101110011
ZZ101101110100
ZZ101101110101
ZZ101101110110
ZZ101101110111
ZZ101101111000
ZZ101101111001
ZZ101101111010
ZZ101101111011
ZZ101101111100
ZZ101101111101
ZZ101101111110
ZZ101101111111
ZZ101110000000
ZZ101110000001
ZZ101110000010
ZZ101110000011
ZZ101110000100
ZZ101110000101
ZZ101110000110
ZZ101110000111
ZZ101110001000
ZZ101110001001
ZZ101110001010
ZZ101110001011
ZZ101110001100
ZZ101110001101
ZZ101110001110
ZZ101110001111
ZZ101110010000
ZZ101110010001
ZZ101110010010
ZZ101110010011
ZZ101110010100
ZZ101110010101
ZZ101110010110
ZZ101110010111
ZZ101110011000
ZZ101110011001
ZZ101110011010
ZZ101110011011
ZZ101110011100
ZZ101110011101
ZZ101110011110
ZZ101110011111
ZZ101110100000
ZZ101110100001
ZZ101110100010
ZZ101110100011
ZZ101110100100
ZZ101110100101
ZZ101110100110
ZZ101110100111
ZZ101110101000
ZZ101110101001
ZZ101110101010
ZZ101110101011
ZZ101110101100
ZZ101110101101
ZZ101110101110
ZZ101110101111
ZZ101110110000
ZZ101110110001
ZZ101110110010
ZZ101110110011
ZZ101110110100
ZZ101110110101
ZZ101110110110
ZZ101110110111
ZZ101110111000
ZZ101110111001
ZZ101110111010
ZZ101110111011
ZZ101110111100
ZZ101110111101
ZZ101110111110
ZZ101110111111
ZZ101111000000
ZZ101111000001
ZZ101111000010
ZZ101111000011
ZZ101111000100
ZZ101111000101
ZZ101111000110
ZZ101111000111
ZZ101111001000
ZZ101111001001
ZZ101111001010
ZZ101111001011
ZZ101111001100
ZZ101111001101
ZZ101111001110
ZZ101111001111
ZZ101111010000
ZZ101111010001
ZZ101111010010
ZZ101111010011
ZZ101111010100
ZZ101111010101
ZZ101111010110
ZZ101111010111
ZZ101111011000
ZZ101111011001
ZZ101111011010
ZZ101111011011
ZZ101111011100
ZZ101111011101
ZZ101111011110
ZZ101111011111
ZZ101111100000
ZZ101111100001
ZZ101111100010
ZZ101111100011
ZZ101111100100
ZZ101111100101
ZZ101111100110
ZZ101111100111
ZZ101111101000
ZZ101111101001
ZZ101111101010
ZZ101111101011
ZZ101111101100
ZZ101111101101
ZZ101111101110
ZZ101111101111
ZZ101111110000
ZZ101111110001
ZZ101111110010
ZZ101111110011
ZZ101111110100
ZZ101111110101
ZZ101111110110
ZZ101111110111
ZZ101111111000
ZZ101111111001
ZZ101111111010
ZZ101111111011
ZZ101111111100
ZZ101111111101
ZZ101111111110
ZZ101111111111
ZZ110000000000
ZZ110000000001
ZZ110000000010
ZZ110000000011
ZZ110000000100
ZZ110000000101
ZZ110000000110
ZZ110000000111
ZZ110000001000
ZZ110000001001
ZZ110000001010
ZZ110000001011
ZZ110000001100
ZZ110000001101
ZZ110000001110
ZZ110000001111
ZZ110000010000
ZZ110000010001
ZZ110000010010
ZZ110000010011
ZZ110000010100
ZZ110000010101
ZZ110000010110
ZZ110000010111
ZZ110000011000
ZZ110000011001
ZZ110000011010
ZZ110000011011
ZZ110000011100
ZZ110000011101
ZZ110000011110
ZZ110000011111
ZZ110000100000
ZZ110000100001
ZZ110000100010
ZZ110000100011
ZZ110000100100
ZZ110000100101
ZZ110000100110
ZZ110000100111
ZZ110000101000
ZZ110000101001
ZZ110000101010
ZZ110000101011
ZZ110000101100
ZZ110000101101
ZZ110000101110
ZZ110000101111
ZZ110000110000
ZZ110000110001
ZZ110000110010
ZZ110000110011
ZZ110000110100
ZZ110000110101
ZZ110000110110
ZZ110000110111
ZZ110000111000
ZZ110000111001
ZZ110000111010
ZZ110000111011
ZZ110000111100
ZZ110000111101
ZZ110000111110
ZZ110000111111
ZZ110001000000
ZZ110001000001
ZZ110001000010
ZZ110001000011
ZZ110001000100
ZZ110001000101
ZZ110001000110
ZZ110001000111
ZZ110001001000
ZZ110001001001
ZZ110001001010
ZZ110001001011
ZZ110001001100
ZZ110001001101
ZZ110001001110
ZZ110001001111
ZZ110001010000
ZZ110001010001
ZZ110001010010
ZZ110001010011
ZZ110001010100
ZZ110001010101
ZZ110001010110
ZZ110001010111
ZZ110001011000
ZZ110001011001
ZZ110001011010
ZZ110001011011
ZZ110001011100
ZZ110001011101
ZZ110001011110
ZZ110001011111
ZZ110001100000
ZZ110001100001
ZZ110001100010
ZZ110001100011
ZZ110001100100
ZZ110001100101
ZZ110001100110
ZZ110001100111
ZZ110001101000
ZZ110001101001
ZZ110001101010
ZZ110001101011
ZZ110001101100
ZZ110001101101
ZZ110001101110
ZZ110001101111
ZZ110001110000
ZZ110001110001
ZZ110001110010
ZZ110001110011
ZZ110001110100
ZZ110001110101
ZZ110001110110
ZZ110001110111
ZZ110001111000
ZZ110001111001
ZZ110001111010
ZZ110001111011
ZZ110001111100
ZZ110001111101
ZZ110001111110
ZZ110001111111
ZZ110010000000
ZZ110010000001
ZZ110010000010
ZZ110010000011
ZZ110010000100
ZZ110010000101
ZZ110010000110
ZZ110010000111
ZZ110010001000
ZZ110010001001
ZZ110010001010
ZZ110010001011
ZZ110010001100
ZZ110010001101
ZZ110010001110
ZZ110010001111
ZZ110010010000
ZZ110010010001
ZZ110010010010
ZZ110010010011
ZZ110010010100
ZZ110010010101
ZZ110010010110
ZZ110010010111
ZZ110010011000
ZZ110010011001
ZZ110010011010
ZZ110010011011
ZZ110010011100
ZZ110010011101
ZZ110010011110
ZZ110010011111
ZZ110010100000
ZZ110010100001
ZZ110010100010
ZZ110010100011
ZZ110010100100
ZZ110010100101
ZZ110010100110
ZZ110010100111
ZZ110010101000
ZZ110010101001
ZZ110010101010
ZZ110010101011
ZZ110010101100
ZZ110010101101
ZZ110010101110
ZZ110010101111
ZZ110010110000
ZZ110010110001
ZZ110010110010
ZZ110010110011
ZZ110010110100
ZZ110010110101
ZZ110010110110
ZZ110010110111
ZZ110010111000
ZZ110010111001
ZZ110010111010
ZZ110010111011
ZZ110010111100
ZZ110010111101
ZZ110010111110
ZZ110010111111
ZZ110011000000
ZZ110011000001
ZZ110011000010
ZZ110011000011
ZZ110011000100
ZZ110011000101
ZZ110011000110
ZZ110011000111
ZZ110011001000
ZZ110011001001
ZZ110011001010
ZZ110011001011
ZZ110011001100
ZZ110011001101
ZZ110011001110
ZZ110011001111
ZZ110011010000
ZZ110011010001
ZZ110011010010
ZZ110011010011
ZZ110011010100
ZZ110011010101
ZZ110011010110
ZZ110011010111
ZZ110011011000
ZZ110011011001
ZZ110011011010
ZZ110011011011
ZZ110011011100
ZZ110011011101
ZZ110011011110
ZZ110011011111
ZZ110011100000
ZZ110011100001
ZZ110011100010
ZZ110011100011
ZZ110011100100
ZZ110011100101
ZZ110011100110
ZZ110011100111
ZZ110011101000
ZZ110011101001
ZZ110011101010
ZZ110011101011
ZZ110011101100
ZZ110011101101
ZZ110011101110
ZZ110011101111
ZZ110011110000
ZZ110011110001
ZZ110011110010
ZZ110011110011
ZZ110011110100
ZZ110011110101
ZZ110011110110
ZZ110011110111
ZZ110011111000
ZZ110011111001
ZZ110011111010
ZZ110011111011
ZZ110011111100
ZZ110011111101
ZZ110011111110
ZZ110011111111
ZZ110100000000
ZZ110100000001
ZZ110100000010
ZZ110100000011
ZZ110100000100
ZZ110100000101
ZZ110100000110
ZZ110100000111
ZZ110100001000
ZZ110100001001
ZZ110100001010
ZZ110100001011
ZZ110100001100
ZZ110100001101
ZZ110100001110
ZZ110100001111
ZZ110100010000
ZZ110100010001
ZZ110100010010
ZZ110100010011
ZZ110100010100
ZZ110100010101
ZZ110100010110
ZZ110100010111
ZZ110100011000
ZZ110100011001
ZZ110100011010
ZZ110100011011
ZZ110100011100
ZZ110100011101
ZZ110100011110
ZZ110100011111
ZZ110100100000
ZZ110100100001
ZZ110100100010
ZZ110100100011
ZZ110100100100
ZZ110100100101
ZZ110100100110
ZZ110100100111
ZZ110100101000
ZZ110100101001
ZZ110100101010
ZZ110100101011
ZZ110100101100
ZZ110100101101
ZZ110100101110
ZZ110100101111
ZZ110100110000
ZZ110100110001
ZZ110100110010
ZZ110100110011
ZZ110100110100
ZZ110100110101
ZZ110100110110
ZZ110100110111
ZZ110100111000
ZZ110100111001
ZZ110100111010
ZZ110100111011
ZZ110100111100
ZZ110100111101
ZZ110100111110
ZZ110100111111
ZZ110101000000
ZZ110101000001
ZZ110101000010
ZZ110101000011
ZZ110101000100
ZZ110101000101
ZZ110101000110
ZZ110101000111
ZZ110101001000
ZZ110101001001
ZZ110101001010
ZZ110101001011
ZZ110101001100
ZZ110101001101
ZZ110101001110
ZZ110101001111
ZZ110101010000
ZZ110101010001
ZZ110101010010
ZZ110101010011
ZZ110101010100
ZZ110101010101
ZZ110101010110
ZZ110101010111
ZZ110101011000
ZZ110101011001
ZZ110101011010
ZZ110101011011
ZZ110101011100
ZZ110101011101
ZZ110101011110
ZZ110101011111
ZZ110101100000
ZZ110101100001
ZZ110101100010
ZZ110101100011
ZZ110101100100
ZZ110101100101
ZZ110101100110
ZZ110101100111
ZZ110101101000
ZZ110101101001
ZZ110101101010
ZZ110101101011
ZZ110101101100
ZZ110101101101
ZZ110101101110
ZZ110101101111
ZZ110101110000
ZZ110101110001
ZZ110101110010
ZZ110101110011
ZZ110101110100
ZZ110101110101
ZZ110101110110
ZZ110101110111
ZZ110101111000
ZZ110101111001
ZZ110101111010
ZZ110101111011
ZZ110101111100
ZZ110101111101
ZZ110101111110
ZZ110101111111
ZZ110110000000
ZZ110110000001
ZZ110110000010
ZZ110110000011
ZZ110110000100
ZZ110110000101
ZZ110110000110
ZZ110110000111
ZZ110110001000
ZZ110110001001
ZZ110110001010
ZZ110110001011
ZZ110110001100
ZZ110110001101
ZZ110110001110
ZZ110110001111
ZZ110110010000
ZZ110110010001
ZZ110110010010
ZZ110110010011
ZZ110110010100
ZZ110110010101
ZZ110110010110
ZZ110110010111
ZZ110110011000
ZZ110110011001
ZZ110110011010
ZZ110110011011
ZZ110110011100
ZZ110110011101
ZZ110110011110
ZZ110110011111
ZZ110110100000
ZZ110110100001
ZZ110110100010
ZZ110110100011
ZZ110110100100
ZZ110110100101
ZZ110110100110
ZZ110110100111
ZZ110110101000
ZZ110110101001
ZZ110110101010
ZZ110110101011
ZZ110110101100
ZZ110110101101
ZZ110110101110
ZZ110110101111
ZZ110110110000
ZZ110110110001
ZZ110110110010
ZZ110110110011
ZZ110110110100
ZZ110110110101
ZZ110110110110
ZZ110110110111
ZZ110110111000
ZZ110110111001
ZZ110110111010
ZZ110110111011
ZZ110110111100
ZZ110110111101
ZZ110110111110
ZZ110110111111
ZZ110111000000
ZZ110111000001
ZZ110111000010
ZZ110111000011
ZZ110111000100
ZZ110111000101
ZZ110111000110
ZZ110111000111
ZZ110111001000
ZZ110111001001
ZZ110111001010
ZZ110111001011
ZZ110111001100
ZZ110111001101
ZZ110111001110
ZZ110111001111
ZZ110111010000
ZZ110111010001
ZZ110111010010
ZZ110111010011
ZZ110111010100
ZZ110111010101
ZZ110111010110
ZZ110111010111
ZZ110111011000
ZZ110111011001
ZZ110111011010
ZZ110111011011
ZZ110111011100
ZZ110111011101
ZZ110111011110
ZZ110111011111
ZZ110111100000
ZZ110111100001
ZZ110111100010
ZZ110111100011
ZZ110111100100
ZZ110111100101
ZZ110111100110
ZZ110111100111
ZZ110111101000
ZZ110111101001
ZZ110111101010
ZZ110111101011
ZZ110111101100
ZZ110111101101
ZZ110111101110
ZZ110111101111
ZZ110111110000
ZZ110111110001
ZZ110111110010
ZZ110111110011
ZZ110111110100
ZZ110111110101
ZZ110111110110
ZZ110111110111
ZZ110111111000
ZZ110111111001
ZZ110111111010
ZZ110111111011
ZZ110111111100
ZZ110111111101
ZZ110111111110
ZZ110111111111
ZZ111000000000
ZZ111000000001
ZZ111000000010
ZZ111000000011
ZZ111000000100
ZZ111000000101
ZZ111000000110
ZZ111000000111
ZZ111000001000
ZZ111000001001
ZZ111000001010
ZZ111000001011
ZZ111000001100
ZZ111000001101
ZZ111000001110
ZZ111000001111
ZZ111000010000
ZZ111000010001
ZZ111000010010
ZZ111000010011
ZZ111000010100
ZZ111000010101
ZZ111000010110
ZZ111000010111
ZZ111000011000
ZZ111000011001
ZZ111000011010
ZZ111000011011
ZZ111000011100
ZZ111000011101
ZZ111000011110
ZZ111000011111
ZZ111000100000
ZZ111000100001
ZZ111000100010
ZZ111000100011
ZZ111000100100
ZZ111000100101
ZZ111000100110
ZZ111000100111
ZZ111000101000
ZZ111000101001
ZZ111000101010
ZZ111000101011
ZZ111000101100
ZZ111000101101
ZZ111000101110
ZZ111000101111
ZZ111000110000
ZZ111000110001
ZZ111000110010
ZZ111000110011
ZZ111000110100
ZZ111000110101
ZZ111000110110
ZZ111000110111
ZZ111000111000
ZZ111000111001
ZZ111000111010
ZZ111000111011
ZZ111000111100
ZZ111000111101
ZZ111000111110
ZZ111000111111
ZZ111001000000
ZZ111001000001
ZZ111001000010
ZZ111001000011
ZZ111001000100
ZZ111001000101
ZZ111001000110
ZZ111001000111
ZZ111001001000
ZZ111001001001
ZZ111001001010
ZZ111001001011
ZZ111001001100
ZZ111001001101
ZZ111001001110
ZZ111001001111
ZZ111001010000
ZZ111001010001
ZZ111001010010
ZZ111001010011
ZZ111001010100
ZZ111001010101
ZZ111001010110
ZZ111001010111
ZZ111001011000
ZZ111001011001
ZZ111001011010
ZZ111001011011
ZZ111001011100
ZZ111001011101
ZZ111001011110
ZZ111001011111
ZZ111001100000
ZZ111001100001
ZZ111001100010
ZZ111001100011
ZZ111001100100
ZZ111001100101
ZZ111001100110
ZZ111001100111
ZZ111001101000
ZZ111001101001
ZZ111001101010
ZZ111001101011
ZZ111001101100
ZZ111001101101
ZZ111001101110
ZZ111001101111
ZZ111001110000
ZZ111001110001
ZZ111001110010
ZZ111001110011
ZZ111001110100
ZZ111001110101
ZZ111001110110
ZZ111001110111
ZZ111001111000
ZZ111001111001
ZZ111001111010
ZZ111001111011
ZZ111001111100
ZZ111001111101
ZZ111001111110
ZZ111001111111
ZZ111010000000
ZZ111010000001
ZZ111010000010
ZZ111010000011
ZZ111010000100
ZZ111010000101
ZZ111010000110
ZZ111010000111
ZZ111010001000
ZZ111010001001
ZZ111010001010
ZZ111010001011
ZZ111010001100
ZZ111010001101
ZZ111010001110
ZZ111010001111
ZZ111010010000
ZZ111010010001
ZZ111010010010
ZZ111010010011
ZZ111010010100
ZZ111010010101
ZZ111010010110
ZZ111010010111
ZZ111010011000
ZZ111010011001
ZZ111010011010
ZZ111010011011
ZZ111010011100
ZZ111010011101
ZZ111010011110
ZZ111010011111
ZZ111010100000
ZZ111010100001
ZZ111010100010
ZZ111010100011
ZZ111010100100
ZZ111010100101
ZZ111010100110
ZZ111010100111
ZZ111010101000
ZZ111010101001
ZZ111010101010
ZZ111010101011
ZZ111010101100
ZZ111010101101
ZZ111010101110
ZZ111010101111
ZZ111010110000
ZZ111010110001
ZZ111010110010
ZZ111010110011
ZZ111010110100
ZZ111010110101
ZZ111010110110
ZZ111010110111
ZZ111010111000
ZZ111010111001
ZZ111010111010
ZZ111010111011
ZZ111010111100
ZZ111010111101
ZZ111010111110
ZZ111010111111
ZZ111011000000
ZZ111011000001
ZZ111011000010
ZZ111011000011
ZZ111011000100
ZZ111011000101
ZZ111011000110
ZZ111011000111
ZZ111011001000
ZZ111011001001
ZZ111011001010
ZZ111011001011
ZZ111011001100
ZZ111011001101
ZZ111011001110
ZZ111011001111
ZZ111011010000
ZZ111011010001
ZZ111011010010
ZZ111011010011
ZZ111011010100
ZZ111011010101
ZZ111011010110
ZZ111011010111
ZZ111011011000
ZZ111011011001
ZZ111011011010
ZZ111011011011
ZZ111011011100
ZZ111011011101
ZZ111011011110
ZZ111011011111
ZZ111011100000
ZZ111011100001
ZZ111011100010
ZZ111011100011
ZZ111011100100
ZZ111011100101
ZZ111011100110
ZZ111011100111
ZZ111011101000
ZZ111011101001
ZZ111011101010
ZZ111011101011
ZZ111011101100
ZZ111011101101
ZZ111011101110
ZZ111011101111
ZZ111011110000
ZZ111011110001
ZZ111011110010
ZZ111011110011
ZZ111011110100
ZZ111011110101
ZZ111011110110
ZZ111011110111
ZZ111011111000
ZZ111011111001
ZZ111011111010
ZZ111011111011
ZZ111011111100
ZZ111011111101
ZZ111011111110
ZZ111011111111
ZZ111100000000
ZZ111100000001
ZZ111100000010
ZZ111100000011
ZZ111100000100
ZZ111100000101
ZZ111100000110
ZZ111100000111
ZZ111100001000
ZZ111100001001
ZZ111100001010
ZZ111100001011
ZZ111100001100
ZZ111100001101
ZZ111100001110
ZZ111100001111
ZZ111100010000
ZZ111100010001
ZZ111100010010
ZZ111100010011
ZZ111100010100
ZZ111100010101
ZZ111100010110
ZZ111100010111
ZZ111100011000
ZZ111100011001
ZZ111100011010
ZZ111100011011
ZZ111100011100
ZZ111100011101
ZZ111100011110
ZZ111100011111
ZZ111100100000
ZZ111100100001
ZZ111100100010
ZZ111100100011
ZZ111100100100
ZZ111100100101
ZZ111100100110
ZZ111100100111
ZZ111100101000
ZZ111100101001
ZZ111100101010
ZZ111100101011
ZZ111100101100
ZZ111100101101
ZZ111100101110
ZZ111100101111
ZZ111100110000
ZZ111100110001
ZZ111100110010
ZZ111100110011
ZZ111100110100
ZZ111100110101
ZZ111100110110
ZZ111100110111
ZZ111100111000
ZZ111100111001
ZZ111100111010
ZZ111100111011
ZZ111100111100
ZZ111100111101
ZZ111100111110
ZZ111100111111
ZZ111101000000
ZZ111101000001
ZZ111101000010
ZZ111101000011
ZZ111101000100
ZZ111101000101
ZZ111101000110
ZZ111101000111
ZZ111101001000
ZZ111101001001
ZZ111101001010
ZZ111101001011
ZZ111101001100
ZZ111101001101
ZZ111101001110
ZZ111101001111
ZZ111101010000
ZZ111101010001
ZZ111101010010
ZZ111101010011
ZZ111101010100
ZZ111101010101
ZZ111101010110
ZZ111101010111
ZZ111101011000
ZZ111101011001
ZZ111101011010
ZZ111101011011
ZZ111101011100
ZZ111101011101
ZZ111101011110
ZZ111101011111
ZZ111101100000
ZZ111101100001
ZZ111101100010
ZZ111101100011
ZZ111101100100
ZZ111101100101
ZZ111101100110
ZZ111101100111
ZZ111101101000
ZZ111101101001
ZZ111101101010
ZZ111101101011
ZZ111101101100
ZZ111101101101
ZZ111101101110
ZZ111101101111
ZZ111101110000
ZZ111101110001
ZZ111101110010
ZZ111101110011
ZZ111101110100
ZZ111101110101
ZZ111101110110
ZZ111101110111
ZZ111101111000
ZZ111101111001
ZZ111101111010
ZZ111101111011
ZZ111101111100
ZZ111101111101
ZZ111101111110
ZZ111101111111
ZZ111110000000
ZZ111110000001
ZZ111110000010
ZZ111110000011
ZZ111110000100
ZZ111110000101
ZZ111110000110
ZZ111110000111
ZZ111110001000
ZZ111110001001
ZZ111110001010
ZZ111110001011
ZZ111110001100
ZZ111110001101
ZZ111110001110
ZZ111110001111
ZZ111110010000
ZZ111110010001
ZZ111110010010
ZZ111110010011
ZZ111110010100
ZZ111110010101
ZZ111110010110
ZZ111110010111
ZZ111110011000
ZZ111110011001
ZZ111110011010
ZZ111110011011
ZZ111110011100
ZZ111110011101
ZZ111110011110
ZZ111110011111
ZZ111110100000
ZZ111110100001
ZZ111110100010
ZZ111110100011
ZZ111110100100
ZZ111110100101
ZZ111110100110
ZZ111110100111
ZZ111110101000
ZZ111110101001
ZZ111110101010
ZZ111110101011
ZZ111110101100
ZZ111110101101
ZZ111110101110
ZZ111110101111
ZZ111110110000
ZZ111110110001
ZZ111110110010
ZZ111110110011
ZZ111110110100
ZZ111110110101
ZZ111110110110
ZZ111110110111
ZZ111110111000
ZZ111110111001
ZZ111110111010
ZZ111110111011
ZZ111110111100
ZZ111110111101
ZZ111110111110
ZZ111110111111
ZZ111111000000
ZZ111111000001
ZZ111111000010
ZZ111111000011
ZZ111111000100
ZZ111111000101
ZZ111111000110
ZZ111111000111
ZZ111111001000
ZZ111111001001
ZZ111111001010
ZZ111111001011
ZZ111111001100
ZZ111111001101
ZZ111111001110
ZZ111111001111
ZZ111111010000
ZZ111111010001
ZZ111111010010
ZZ111111010011
ZZ111111010100
ZZ111111010101
ZZ111111010110
ZZ111111010111
ZZ111111011000
ZZ111111011001
ZZ111111011010
ZZ111111011011
ZZ111111011100
ZZ111111011101
ZZ111111011110
ZZ111111011111
ZZ111111100000
ZZ111111100001
ZZ111111100010
ZZ111111100011
ZZ111111100100
ZZ111111100101
ZZ111111100110
ZZ111111100111
ZZ111111101000
ZZ111111101001
ZZ111111101010
ZZ111111101011
ZZ111111101100
ZZ111111101101
ZZ111111101110
ZZ111111101111
ZZ111111110000
ZZ111111110001
ZZ111111110010
ZZ111111110011
ZZ111111110100
ZZ111111110101
ZZ111111110110
ZZ111111110111
ZZ111111111000
ZZ111111111001
ZZ111111111010
ZZ111111111011
ZZ111111111100
ZZ111111111101
ZZ111111111110
ZZ111111111111
