000010001110000001
000010001100000001
000110001100010000
000110001110000000
000010000110000000
000010000110010000
000010001100000010
001010001100010000
001010001110000000
000010000110000000
000010000110010000
000010001100000100
010010001100010000
010010001110000000
000010000110000000
000010000110010000
000010001100001000
100010001100010000
100010001110000000
100010001110000000
000010000110000000
000010000110010000
000010001110010000
000010001110000000
100010001110010000
100010001110010000
100010001100001011
101110001100011011
101110011100001011
101110001110001011
011110001110010000
011110001110000000
111110001110110000
111110001110100000
111110001110110000
111110001110100000
111110001110110000
111100001111000000
111100001111010000
111100001110000000
000010001110010000
000010001110000000
100010001110010000
100010001110000000
010010001110010000
010010001110000000
110010001110010000
101110101110000000
101110101110010000
101110101110000000
101110101110010000
101110101110000000
101110101110010000
101110101110000000
101110101110010000
101110101110000000
101110101110010000
101110101110000000
101110101110010000
101110101110000000
101110101110010000
101110101110000000
101110101110010000
101110101110000000
101110101110010000
101110101110000000
101110101110010000
101110101110000000
101110101110010000
101110101110000000
101100101110010000
101100101110000000
101110101110010000
101110101110000000
101110101110010000
101110101110000000
101110101110010000
101110101110000000
101110101110010000
101110101110000000
101110101110010000
101110101110000000
101110101110010000
101110101010010000
101010111010000000
101010101010010000
ZZZZ11111010000000
ZZZZ11101010010000
ZZZZ11111010000000
ZZZZ11101010010000
010010111010000000
010010101010010000
100010111010000000
100000101010010000
000000111010000000
000010101010010000
111110111010000000
111110101010010000
011110111010000000
011110101010010000
101110001010000000
001110001010010000
001110001111000000
001110001111010000
001110001111100000
001110001111110000
001110001110100000
001110001110110000
001110001110100000